[array([0.878378, 0.810053]), array([0.863288, 0.991074]), array([0.460745, 0.020915, 0.557419]), array([0.409091, 0.427881, 0.293432, 0.434839]), array([0.648651, 0.997783, 0.974701, 0.998278]), array([0.214616, 0.002464, 0.515377, 0.881901, 0.023748]), array([0.091944, 0.519752, 0.384838, 0.174592, 0.374732, 0.677787]), array([0.064768, 0.380416, 0.065132, 0.119766, 0.695224, 0.570979,
       0.019262, 0.553119])]
[array([0.37684 , 0.998705]), array([0.5921  , 0.993016]), array([0.981063, 0.995542, 0.017349]), array([0.390506, 0.403544, 0.4543  , 0.489158]), array([0.964246, 0.968528, 0.906634, 0.980514]), array([0.061274, 0.642702, 0.144082, 0.921861, 0.028183]), array([0.071057, 0.333441, 0.473496, 0.01942 , 0.340312, 0.672136]), array([0.015873, 0.510236, 0.104982, 0.244979, 0.94454 , 0.746174,
       0.121166, 0.970747])]
[array([0.092413, 0.657404]), array([0.759274, 0.842261]), array([0.972686, 0.988352, 0.958109]), array([0.483231, 0.290905, 0.315398, 0.413744]), array([0.934413, 0.942094, 0.969295, 0.951835]), array([0.252063, 0.018754, 0.995925, 0.264542, 0.02488 ]), array([0.152988, 0.428436, 0.580512, 0.05235 , 0.383642, 0.851406]), array([0.049686, 0.048415, 0.132938, 0.13419 , 0.721396, 0.03276 ,
       0.10394 , 0.007316])]
[array([0.138847, 0.907124]), array([0.714623, 0.244713]), array([0.446189, 0.399141, 0.53024 ]), array([0.339413, 0.419462, 0.347658, 0.3706  ]), array([0.95082 , 0.979684, 0.996837, 0.851596]), array([0.363282, 0.218548, 0.925432, 0.993037, 0.014954]), array([0.085222, 0.53682 , 0.383478, 0.001379, 0.361291, 0.483446]), array([0.174266, 0.047646, 0.002854, 0.741321, 0.560912, 0.647427,
       0.06881 , 0.120875])]
[array([0.298281, 0.337724]), array([0.791452, 0.152693]), array([0.992544, 0.432576, 0.641907]), array([0.404186, 0.49079 , 0.369234, 0.377683]), array([0.880183, 0.957421, 0.960855, 0.947436]), array([0.515123, 0.361004, 0.584704, 0.9749  , 0.162185]), array([0.003932, 0.455118, 0.461978, 0.010754, 0.38326 , 0.69022 ]), array([0.085655, 0.123282, 0.025494, 0.226391, 0.960248, 0.860738,
       0.237592, 0.424815])]
[array([0.101163, 0.176072]), array([0.621233, 0.232344]), array([0.962793, 0.001782, 0.96249 ]), array([0.407621, 0.469807, 0.343155, 0.410539]), array([0.988916, 0.966891, 0.894233, 0.939533]), array([0.408136, 0.314571, 0.528082, 0.804181, 0.041509]), array([0.075439, 0.317316, 0.414364, 0.149638, 0.296788, 0.681322]), array([0.093663, 0.222653, 0.118595, 0.136586, 0.934987, 0.300864,
       0.369469, 0.611229])]