[array([0.878378, 0.810053]), array([0.863288, 0.991074]), array([0.460745, 0.020915, 0.557419]), array([0.409091, 0.427881, 0.293432, 0.434839]), array([0.648651, 0.997783, 0.974701, 0.998278]), array([0.214616, 0.002464, 0.515377, 0.881901, 0.023748]), array([0.091944, 0.519752, 0.384838, 0.174592, 0.374732, 0.677787]), array([0.064768, 0.380416, 0.065132, 0.119766, 0.695224, 0.570979,
       0.019262, 0.553119])]
[array([0.37684 , 0.998705]), array([0.5921  , 0.993016]), array([0.981063, 0.995542, 0.017349]), array([0.390506, 0.403544, 0.4543  , 0.489158]), array([0.964246, 0.968528, 0.906634, 0.980514]), array([0.061274, 0.642702, 0.144082, 0.921861, 0.028183]), array([0.071057, 0.333441, 0.473496, 0.01942 , 0.340312, 0.672136]), array([0.015873, 0.510236, 0.104982, 0.244979, 0.94454 , 0.746174,
       0.121166, 0.970747])]
[array([0.092413, 0.657404]), array([0.759274, 0.842261]), array([0.972686, 0.988352, 0.958109]), array([0.483231, 0.290905, 0.315398, 0.413744]), array([0.934413, 0.942094, 0.969295, 0.951835]), array([0.252063, 0.018754, 0.995925, 0.264542, 0.02488 ]), array([0.152988, 0.428436, 0.580512, 0.05235 , 0.383642, 0.851406]), array([0.049686, 0.048415, 0.132938, 0.13419 , 0.721396, 0.03276 ,
       0.10394 , 0.007316])]
[array([0.138847, 0.907124]), array([0.714623, 0.244713]), array([0.446189, 0.399141, 0.53024 ]), array([0.339413, 0.419462, 0.347658, 0.3706  ]), array([0.95082 , 0.979684, 0.996837, 0.851596]), array([0.363282, 0.218548, 0.925432, 0.993037, 0.014954]), array([0.085222, 0.53682 , 0.383478, 0.001379, 0.361291, 0.483446]), array([0.174266, 0.047646, 0.002854, 0.741321, 0.560912, 0.647427,
       0.06881 , 0.120875])]
[array([0.298281, 0.337724]), array([0.791452, 0.152693]), array([0.992544, 0.432576, 0.641907]), array([0.404186, 0.49079 , 0.369234, 0.377683]), array([0.880183, 0.957421, 0.960855, 0.947436]), array([0.515123, 0.361004, 0.584704, 0.9749  , 0.162185]), array([0.003932, 0.455118, 0.461978, 0.010754, 0.38326 , 0.69022 ]), array([0.085655, 0.123282, 0.025494, 0.226391, 0.960248, 0.860738,
       0.237592, 0.424815])]
[array([0.101163, 0.176072]), array([0.621233, 0.232344]), array([0.962793, 0.001782, 0.96249 ]), array([0.407621, 0.469807, 0.343155, 0.410539]), array([0.988916, 0.966891, 0.894233, 0.939533]), array([0.408136, 0.314571, 0.528082, 0.804181, 0.041509]), array([0.075439, 0.317316, 0.414364, 0.149638, 0.296788, 0.681322]), array([0.093663, 0.222653, 0.118595, 0.136586, 0.934987, 0.300864,
       0.369469, 0.611229])]
[array([0.657488, 0.107541]), array([0.76441, 0.33612]), array([0.648223, 0.659186, 0.649849]), array([0.400812, 0.431023, 0.299472, 0.360403]), array([0.937268, 0.95348 , 0.960369, 0.961314]), array([0.432381, 0.46515 , 0.589748, 0.639747, 0.166309]), array([0.072866, 0.272394, 0.344729, 0.078566, 0.267541, 0.722542]), array([0.042598, 0.252799, 0.005095, 0.37979 , 0.378723, 0.341586,
       0.333242, 0.40932 ])]
[array([0.875944, 0.044838]), array([0.63514 , 0.024309]), array([0.562404, 0.995163, 0.021525]), array([0.399108, 0.444092, 0.358078, 0.466796]), array([0.99221 , 0.972544, 0.927633, 0.933842]), array([0.433464, 0.303086, 0.514663, 0.687476, 0.039644]), array([0.016359, 0.317181, 0.412535, 0.196325, 0.362055, 0.669398]), array([0.1517  , 0.126476, 0.222341, 0.061464, 0.945222, 0.438948,
       0.078394, 0.586444])]
[array([0.251204, 0.540609]), array([0.732915, 0.965513]), array([0.004501, 0.006141, 0.61826 ]), array([0.382349, 0.428953, 0.315056, 0.42057 ]), array([0.913768, 0.9984  , 0.994243, 0.963485]), array([0.407838, 0.343336, 0.493501, 0.853691, 0.144601]), array([0.144431, 0.165989, 0.496914, 0.299232, 0.281431, 0.806488]), array([0.082734, 0.072946, 0.193178, 0.076647, 0.817907, 0.483735,
       0.328547, 0.976099])]
[array([0.779712, 0.789318]), array([0.733814, 0.930382]), array([0.280644, 0.402087, 0.505619]), array([0.370805, 0.398941, 0.293617, 0.410078]), array([0.823757, 0.999502, 0.950699, 0.926981]), array([0.384218, 0.368751, 0.669949, 0.696921, 0.00178 ]), array([0.114614, 0.294092, 0.567942, 0.196378, 0.289538, 0.808156]), array([2.14934e-01, 3.98000e-04, 8.39880e-02, 1.80971e-01, 7.53201e-01,
       3.05331e-01, 1.92161e-01, 7.67209e-01])]
[array([0.612812, 0.998175]), array([0.698069, 0.978567]), array([0.425793, 0.685258, 0.004485]), array([0.401761, 0.436088, 0.397224, 0.367761]), array([0.95896 , 0.986725, 0.821109, 0.971129]), array([0.4595  , 0.359669, 0.555359, 0.807866, 0.178273]), array([0.053149, 0.192484, 0.563978, 0.177797, 0.258404, 0.698532]), array([0.022475, 0.255833, 0.09355 , 0.011142, 0.853652, 0.434888,
       0.080682, 0.664304])]